05201309030244201309030244020501000725
0373884320100101205001010010         
0374900620100101205001010010         
0375900720100101205001010010         
0376900820100101205001010010         
0377899720100101205001010010         
0378900920100101205001010010         
0379894520100101205001010010         
0380901220100101205001010010         
0381900120100101205001010010         
0382899820100101205001010010         
0383899120100101205001010010         
0384901020100101205001010010         
0385898720100101205001010010         
0386900520100101205001010010         
0387901120100101205001010010         
0388900020100101205001010010         
0389864120100101205001010010         
0390723120100101205001010010         
0391751220100101205001010010         
0392754020100101205001010010         
0393707420100101205001010010         
0394755620100101205001010010         
0395755120100101205001010010         
0396760120100101205001010010         
0412752720100101205001010010         
0412752720100101205001010010         
0443743720100101205001010010         
0444746820100101205001010010         
0445747020100101205001010010         
0447746320100101205001010010         
0448741420100101205001010010         
0449749120100101205001010010         
0450744320100101205001010010         
0452751620100101205001010010         
0453753320100101205001010010         
0454716420100101205001010010         
0455745320100101205001010010         
0456745420100101205001010010         
0457751320100101205001010010         
0459749220100101205001010010         
0460752120100101205001010010         
0461753520100101205001010010         
0462744120100101205001010010         
0463754920100101205001010010         
0464752620100101205001010010         
0465745220100101205001010010         
0466752020100101205001010010         
0467750320100101205001010010         
0468756320100101205001010010         
0469752920100101205001010010         
0470756520100101205001010010         
0471756120100101205001010010         
0472749520100101205001010010         
0473753620100101205001010010         
0202862320110414201204180010         
0277905720110414201204180010         
0278906520110414201204180010         
0279906620110414201204180010         
0280906720110414201204180010         
0281906920110414201204180010         
0282907020110414201204180010         
0283907220110414201204180010         
0284907320110414201204180010         
0285907520110414201204180010         
0286907720110414201204180010         
0287907820110414201204180010         
0288907920110414201204180010         
0289908020110414201204180010         
0290908220110414201204180010         
0291908520110414201204180010         
0292908720110414201204180010         
0293908820110414201204180010         
0294909020110414201204180010         
0295909120110414201204180010         
0296909520110414201204180010         
0297909820110414201204180010         
0298909920110414201204180010         
0299910020110414201204180010         
0300910120110414201204180010         
0301910220110414201204180010         
0302910520110414201204180010         
0303910620110414201204180010         
0304910820110414201204180010         
0305911220110414201204180010         
0306911620110414201204180010         
0307911920110414201204180010         
0308924320110414201204180010         
0309934920110414201204180010         
0310935720110414201204180010         
0311937120110414201204180010         
0312940220110414201204180010         
0313940720110414201204180010         
0314940820110414201204180010         
0315940920110414201204180010         
0316941320110414201204180010         
0317941620110414201204180010         
0318942120110414201204180010         
0319942220110414201204180010         
0320942320110414201204180010         
0321942520110414201204180010         
0187758220100101205001010010         
0188758320100101205001010010         
0189758520100101205001010010         
0190758620100101205001010010         
0191758720100101205001010010         
0192758820100101205001010010         
0193758920100101205001010010         
0194759020100101205001010010         
0195759120100101205001010010         
0196759220100101205001010010         
0197759320100101205001010010         
0198759520100101205001010010         
0199907720100101205001010010         
0200901720100101205001010010         
0201907520100101205001010010         
0202907920100101205001010010         
0203895220100101205001010010         
0204905520100101205001010010         
0205905220100101205001010010         
0206909920100101205001010010         
0207901320100101205001010010         
0208894920100101205001010010         
0209906620100101205001010010         
0210910020100101205001010010         
0211906920100101205001010010         
0212910520100101205001010010         
0322942620110414201204180010         
0323942720110414201204180010         
0324942820110414201204180010         
0325942920110414201204180010         
0326943120110414201204180010         
0327943520110414201204180010         
0328944020110414201204180010         
0329944320110414201204180010         
0330944620110414201204180010         
0331944820110414201204180010         
0332944920110414201204180010         
0333945220110414201204180010         
0334945520110414201204180010         
0335945920110414201204180010         
0336946120110414201204180010         
0337946220110414201204180010         
0338991720110414201204180010         
0339992020110414201204180010         
0340992320110414201204180010         
0341993220110414201204180010         
0342993920110414201204180010         
0343994120110414201204180010         
0344994320110414201204180010         
0345994520110414201204180010         
0346995720110414201204180010         
0347996020110414201204180010         
0348997520110414201204180010         
0349997620110414201204180010         
0350997920110414201204180010         
0351998020110414201204180010         
0352998220110414201204180010         
0353998520110414201204180010         
0354998620110414201204180010         
0355999520110414201204180010         
0356999820110414201204180010         
0357798320110414201204180010         
0358944320110414201204180010         
0359955620110414201204180010         
0362707420110414201204180010         
0363754020110414201204180010         
0364755120110414201204180010         
0365755620110414201204180010         
0367720720110414201204180010         
0368726120110414201204180010         
0369726520110414201204180010         
0370726720110414201204180010         
0371751520110414201204180010         
0372727620110414201204180010         
0373728720110414201204180010         
0374745920110414201204180010         
0375746920110414201204180010         
0376711420110414201204180010         
0377750620110414201204180010         
0378747820110414201204180010         
0379046720110414201204180010         
0380047620110414201204180010         
0381048620110414201204180010         
0382048920110414201204180010         
0383049220110414201204180010         
0384049620110414201204180010         
0385050120110414201204180010         
0386050220110414201204180010         
0387050320110414201204180010         
0388051020110414201204180010         
0389051120110414201204180010         
0390051220110414201204180010         
0391051320110414201204180010         
0392051520110414201204180010         
0393051620110414201204180010         
0394051720110414201204180010         
0395051820110414201204180010         
0396051920110414201204180010         
0397052120110414201204180010         
0398052220110414201204180010         
0213907020100101205001010010         
0214909120100101205001010010         
0215910220100101205001010010         
0216907320100101205001010010         
0217911220100101205001010010         
0218910820100101205001010010         
0219908220100101205001010010         
0220910120100101205001010010         
0221911920100101205001010010         
0222911620100101205001010010         
0223910620100101205001010010         
0224894220100101205001010010         
0225907820100101205001010010         
0226908020100101205001010010         
0227908520100101205001010010         
0228905720100101205001010010         
0229906520100101205001010010         
0230908820100101205001010010         
0231906720100101205001010010         
0232907220100101205001010010         
0233908720100510201505050010         
0234891520100101205001010010         
0235909820100101205001010010         
0236909020100101205001010010         
0237909520100101205001010010         
0238940720100101205001010010         
0239943120100101205001010010         
0240945220100101205001010010         
0241934920100101205001010010         
0242940820100101205001010010         
0243940220100101205001010010         
0244937120100101205001010010         
0245940920100101205001010010         
0246942820100101205001010010         
0247942220100101205001010010         
0248943520100101205001010010         
0249941320100101205001010010         
0250935720100101205001010010         
0251941620100101205001010010         
0252942920100101205001010010         
0253942320100101205001010010         
0254944320100101205001010010         
0255945920100101205001010010         
0256946220100101205001010010         
0257942120100101205001010010         
0258942720100101205001010010         
0259946120100101205001010010         
0260944020100101205001010010         
0261945520100101205001010010         
0262944620100101205001010010         
0263942620100101205001010010         
0264944820100101205001010010         
0265944920100101205001010010         
0266924320100101205001010010         
0267942520100101205001010010         
0268995720100101205001010010         
0269993920100101205001010010         
0270998020100101205001010010         
0271994120100101205001010010         
0272992320100101205001010010         
0273998520100101205001010010         
0274997520100101205001010010         
0275991720100101205001010010         
0276998620100101205001010010         
0277996020100101205001010010         
0278997920100101205001010010         
0279999520100101205001010010         
0280798320100101205001010010         
0281993220100101205001010010         
0282998220100101205001010010         
0283992020100101205001010010         
0284994520100101205001010010         
0285994320100101205001010010         
0286955620100101205001010010         
0287999820100101205001010010         
0288997620100101205001010010         
0289944320100101205001010010         
0290897120100101205001010010         
0291898220100101205001010010         
0292896320100101205001010010         
0293898620100101205001010010         
0294897720100101205001010010         
0295898020100101205001010010         
0296893720100101205001010010         
0297899020100101205001010010         
0298897220100101205001010010         
0299899320100101205001010010         
0300897020100101205001010010         
0301896720100101205001010010         
0302898320100101205001010010         
0303897620100101205001010010         
0304899920100101205001010010         
0305865020100101205001010010         
0306865620100101205001010010         
0307862320100101205001010010         
0308862620100101205001010010         
0309866020100101205001010010         
0310866320100101205001010010         
0311866620100101205001010010         
0312865220100101205001010010         
0001545720100101205001010010         
0002546720100101205001010010         
0003547920110201205001010010         
0004547120100101205001010010         
0005554020100101205001010010         
0006554120100101205001010010         
0007556220100101205001010010         
0008557120100101205001010010         
0009560920100101205001010010         
0010561020100101205001010010         
0011561720100101205001010010         
0012562020100101205001010010         
0013562720100101205001010010         
0014562920100101205001010010         
0015563020100101205001010010         
0016563720100101205001010010         
0017563920100101205001010010         
0018564020100101205001010010         
0019564120100101205001010010         
0020564220100101205001010010         
0021564920100101205001010010         
0022565120100101205001010010         
0023565220100101205001010010         
0024565720100101205001010010         
0025565820100101205001010010         
0026566020100101205001010010         
0027566120100101205001010010         
0028566220100101205001010010         
0029566720100101205001010010         
0030566820100101205001010010         
0031566920100101205001010010         
0032567020100101205001010010         
0033567120100101205001010010         
0034567220100101205001010010         
0035567720100101205001010010         
0036567820100101205001010010         
0038568020100101205001010010         
0039568120100101205001010010         
0041568720100101205001010010         
0042568820100101205001010010         
0043568920100101205001010010         
0313866120100101205001010010         
0314866220100101205001010010         
0315865320100101205001010010         
0316865820100101205001010010         
0317867520100101205001010010         
0318865720100101205001010010         
0319866520100101205001010010         
0320867620100101205001010010         
0321867220100101205001010010         
0322866820100101205001010010         
0323861720100101205001010010         
0324857920100101205001010010         
0325863120100101205001010010         
0326865520100101205001010010         
0327860720100101205001010010         
0328869820100101205001010010         
0329864220100101205001010010         
0330866920100101205001010010         
0331864020100101205001010010         
0332868520100101205001010010         
0333863220100101205001010010         
0334869020100101205001010010         
0335897320100101205001010010         
0336898120100101205001010010         
0337898520100101205001010010         
0338899220100101205001010010         
0339899520100101205001010010         
0340894020100101205001010010         
0341898920100101205001010010         
0342898820100101205001010010         
0343884320100101205001010010         
0344900620100101205001010010         
0345900720100101205001010010         
0346900820100101205001010010         
0347899720100101205001010010         
0348900920100101205001010010         
0349894520100101205001010010         
0350901220100101205001010010         
0351900120100101205001010010         
0352899820100101205001010010         
0353899120100101205001010010         
0354901020100101205001010010         
0355898720100101205001010010         
0356900520100101205001010010         
0357901120100101205001010010         
0358900020100101205001010010         
0359864120100101205001010010         
0360723120100101205001010010         
0361751220100101205001010010         
0362754020100101205001010010         
0363707420100101205001010010         
0364755620100101205001010010         
0365755120100101205001010010         
0366760120100101205001010010         
0369899520100101205001010010         
0370894020100101205001010010         
0371898920100101205001010010         
0372898820100101205001010010         
0044569020100101205001010010         
0045569120100101205001010010         
0046569220100101205001010010         
0047569720100101205001010010         
0048569820100101205001010010         
0049569920100101205001010010         
0050570020100101205001010010         
0051570120100101205001010010         
0052570220100101205001010010         
0053570720100101205001010010         
0054570820100101205001010010         
0055570920100101205001010010         
0056571020100101205001010010         
0057571120100101205001010010         
0058571220100101205001010010         
0059571720100101205001010010         
0060571820100101205001010010         
0061571920100101205001010010         
0062572020100101205001010010         
0063572120100101205001010010         
0064572220100101205001010010         
0065572720100101205001010010         
0066572820100101205001010010         
0067572920100101205001010010         
0068573020100101205001010010         
0069573120100101205001010010         
0070573220100101205001010010         
0071554320100101205001010010         
0072561620100101205001010010         
0073564320100101205001010010         
0074564520100101205001010010         
0075564620100101205001010010         
0076565320100101205001010010         
0077565520100101205001010010         
0078565620100101205001010010         
0079566320100101205001010010         
0080566520100101205001010010         
0081567320100101205001010010         
0082567420100101205001010010         
0083567520100101205001010010         
0084567620100101205001010010         
0085568320100101205001010010         
0086568520100101205001010010         
0087568620100101205001010010         
0088569320100101205001010010         
0089569520100101205001010010         
0090569620100101205001010010         
0091570320100101205001010010         
0092570520100101205001010010         
0093570620100101205001010010         
0094571320100101205001010010         
0095571520100101205001010010         
0096571620100101205001010010         
0097572320100101205001010010         
0098572520100101205001010010         
0099572620100101205001010010         
0100724120100101205001010010         
0101741220100101205001010010         
0102741320100101205001010010         
0103743120100101205001010010         
0104744020100101205001010010         
0105744220100101205001010010         
0106744320100101205001010010         
0107745620100101205001010010         
0108745920100101205001010010         
0110746520100101205001010010         
0111746920100101205001010010         
0112747120100101205001010010         
0113748220100101205001010010         
0114748820100101205001010010         
0115749520100101205001010010         
0116749620100101205001010010         
0117749720100101205001010010         
0118750020100101205001010010         
0119750220100101205001010010         
0120750320100101205001010010         
0121750520100101205001010010         
0122750620100101205001010010         
0123750720100101205001010010         
0124750820100101205001010010         
0125750920100101205001010010         
0126751120100101205001010010         
0127751220100101205001010010         
0128751320100101205001010010         
0129751520100101205001010010         
0130751620100101205001010010         
0131751720100101205001010010         
0132751820100101205001010010         
0133751920100101205001010010         
0134752020100101205001010010         
0135752120100101205001010010         
0136752220100101205001010010         
0137752320100101205001010010         
0138752520100101205001010010         
0139752620100101205001010010         
0140752820100101205001010010         
0141752720100101205001010010         
0142752920100101205001010010         
0143753020100101205001010010         
0144753120100101205001010010         
0040568220100510202605120010         
0109746020100510202005110010         
0003547120110414201204180010         
0004547920110414201204180010         
0007554320110414201204180010         
0008556220110414201204180010         
0009557120110414201204180010         
0010560920110414201204180010         
0011561020110414201204180010         
0012561620110414201204180010         
0013561720110414201204180010         
0014562020110414201204180010         
0015562720110414201204180010         
0016562920110414201204180010         
0017563020110414201204180010         
0018563720110414201204180010         
0019563920110414201204180010         
0020564020110414201204180010         
0021564120110414201204180010         
0022564220110414201204180010         
0023564320110414201204180010         
0024564520110414201204180010         
0025564620110414201204180010         
0026564920110414201204180010         
0027565120110414201204180010         
0028565220110414201204180010         
0029565320110414201204180010         
0030565520110414201204180010         
0031565620110414201204180010         
0032565720110414201204180010         
0033565820110414201204180010         
0034566020110414201204180010         
0035566120110414201204180010         
0036566220110414201204180010         
0038566520110414201204180010         
0039566720110414201204180010         
0040566820110414201204180010         
0041566920110414201204180010         
0042567020110414201204180010         
0043567120110414201204180010         
0044567220110414201204180010         
0045567320110414201204180010         
0046567420110414201204180010         
0047567520110414201204180010         
0048567620110414201204180010         
0049567720110414201204180010         
0050567820110414201204180010         
0051567920110414201204180010         
0052568020110414201204180010         
0053568120110414201204180010         
0054568220110414201204180010         
0055568320110414201204180010         
0056568520110414201204180010         
0057568620110414201204180010         
0058568720110414201204180010         
0059568820110414201204180010         
0060568920110414201204180010         
0061569020110414201204180010         
0145753220100101205001010010         
0146753320100101205001010010         
0147753520100101205001010010         
0148753620100101205001010010         
0149753720100101205001010010         
0150753820100101205001010010         
0151753920100101205001010010         
0152754020100101205001010010         
0153754220100101205001010010         
0154754320100101205001010010         
0155754520100101205001010010         
0156754620100101205001010010         
0157754820100101205001010010         
0158754920100101205001010010         
0159755020100101205001010010         
0160755120100101205001010010         
0161755220100101205001010010         
0162755320100101205001010010         
0163755520100101205001010010         
0164755720100101205001010010         
0165755820100101205001010010         
0166755920100101205001010010         
0167756020100101205001010010         
0168756120100101205001010010         
0169756220100101205001010010         
0170756320100101205001010010         
0171756520100101205001010010         
0172756620100101205001010010         
0173756720100101205001010010         
0174756820100101205001010010         
0175756920100101205001010010         
0176757020100101205001010010         
0177757120100101205001010010         
0178757220100101205001010010         
0179757320100101205001010010         
0180757520100101205001010010         
0181757620100101205001010010         
0182757720100101205001010010         
0183757820100101205001010010         
0184757920100101205001010010         
0185758020100101205001010010         
0186758120100101205001010010         
0062569120110414201204180010         
0063569220110414201204180010         
0064569320110414201204180010         
0065569520110414201204180010         
0066569620110414201204180010         
0067569720110414201204180010         
0068569820110414201204180010         
0069569920110414201204180010         
0070570020110414201204180010         
0071570120110414201204180010         
0072570220110414201204180010         
0073570320110414201204180010         
0074570520110414201204180010         
0075570620110414201204180010         
0076570720110414201204180010         
0077570820110414201204180010         
0078570920110414201204180010         
0079571020110414201204180010         
0080571120110414201204180010         
0081571220110414201204180010         
0082571320110414201204180010         
0083571520110414201204180010         
0084571620110414201204180010         
0085571720110414201204180010         
0086571820110414201204180010         
0087571920110414201204180010         
0088572020110414201204180010         
0089572120110414201204180010         
0090572220110414201204180010         
0091572320110414201204180010         
0092572520110414201204180010         
0093572620110414201204180010         
0094572720110414201204180010         
0095572820110414201204180010         
0096572920110414201204180010         
0097573020110414201204180010         
0098573120110414201204180010         
0099573220110414201204180010         
0140752720110414201204180010         
0141752820110414201204180010         
0199859720110414201204180010         
0200860720110414201204180010         
0201861720110414201204180010         
0203862620110414201204180010         
0204863120110414201204180010         
0205863220110414201204180010         
0206864020110414201204180010         
0207864120110414201204180010         
0208864220110414201204180010         
0209865020110414201204180010         
0210865220110414201204180010         
0211865320110414201204180010         
0212865520110414201204180010         
0213865620110414201204180010         
0214865720110414201204180010         
0215865820110414201204180010         
0216866020110414201204180010         
0217866120110414201204180010         
0218866220110414201204180010         
0219866320110414201204180010         
0220866520110414201204180010         
0221866620110414201204180010         
0222866820110414201204180010         
0223866920110414201204180010         
0224867220110414201204180010         
0225867520110414201204180010         
0226867620110414201204180010         
0227868520110414201204180010         
0228869020110414201204180010         
0229869820110414201204180010         
0230884320110414201204180010         
0231893720110414201204180010         
0232894020110414201204180010         
0233894520110414201204180010         
0234896320110414201204180010         
0235896720110414201204180010         
0236897020110414201204180010         
0237897120110414201204180010         
0238897220110414201204180010         
0239897320110414201204180010         
0240897620110414201204180010         
0241897720110414201204180010         
0242898020110414201204180010         
0243898120110414201204180010         
0244898220110414201204180010         
0245898320110414201204180010         
0246898520110414201204180010         
0247898620110414201204180010         
0248898720110414201204180010         
0249898820110414201204180010         
0250898920110414201204180010         
0251899020110414201204180010         
0252899120110414201204180010         
0253899220110414201204180010         
0254899320110414201204180010         
0255899520110414201204180010         
0256899720110414201204180010         
0257899820110414201204180010         
0258899920110414201204180010         
0259900020110414201204180010         
0260900120110414201204180010         
0261900520110414201204180010         
0262900620110414201204180010         
0263900720110414201204180010         
0264900820110414201204180010         
0265900920110414201204180010         
0266901020110414201204180010         
0267901120110414201204180010         
0268901220110414201204180010         
0269891520110414201204180010         
0270894220110414201204180010         
0271894920110414201204180010         
0272895220110414201204180010         
0273901320110414201204180010         
0274901720110414201204180010         
0275905220110414201204180010         
0276905520110414201204180010         
0399034820110414201204180010         
0400052520110414201204180010         
0401071020110414201204180010         
0402071920110414201204180010         
0403072020110414201204180010         
0404072120110414201204180010         
0405072620110414201204180010         
0406072920110414201204180010         
0037566320110414205001010010         
