04201309030244201309030244020501000634
9075026620100101205001010         
9076519920100101205001010         
9077259820100101205001010         
9078898220100101205001010         
9079005220100101205001010         
9080754320100101205001010         
9081030320100101205001010         
9082032920100101205001010         
9083133220100101205001010         
9084134520100101205001010         
9085527020100101205001010         
9086475520100101205001010         
9087498920100101205001010         
9089312620100101205001010         
9090541920100101205001010         
9091665920100101205001010         
9092984820100101205001010         
9093961120100101205001010         
9094893620100101205001010         
9095941320100101205001010         
9096822220100101205001010         
9097892620100101205001010         
9098016220100101205001010         
9099572620100101205001010         
9100158720100101205001010         
9101653520100101205001010         
9102048120100101205001010         
9103019120100101205001010         
9104157320100101205001010         
9105542620100101205001010         
9106492620100101205001010         
9107493120100101205001010         
9108657220100101205001010         
9109366220100101205001010         
9110158020100101205001010         
9111673620100101205001010         
9112614520100101205001010         
9113541520100101205001010         
9114523520100101205001010         
9115473520100101205001010         
9116513820100101205001010         
9117066920100101205001010         
9118211920100101205001010         
9119967620100101205001010         
9120809920100101205001010         
9121971220100101205001010         
9122841820100101205001010         
9123811520100101205001010         
9124021920100101205001010         
9125860120100101205001010         
9126757920100101205001010         
9127959520100101205001010         
9128159820100101205001010         
9129391520100101205001010         
9130391220100101205001010         
9131463720100101205001010         
9695779720100101205001010         
9696274120100101205001010         
9697199320100101205001010         
8092820920110101202001010         
8093836920110101202001010         
8094861120110101202001010         
8095821020110101202001010         
8096499720110101202001010         
8097888720110101202001010         
8098941520110101202001010         
8099864120110101202001010         
8100851320110101202001010         
8101863020110101202001010         
8102907920110101202001010         
8103399320110101202001010         
8104499820110101202001010         
8105399420110101202001010         
8106399220110101202001010         
8107885720110101202001010         
8108880520110101202001010         
8109399120110101202001010         
8110745320110101202001010         
8111857820110101202001010         
8112334720110101202001010         
8113884220110101202001010         
8114762020110101202001010         
8115741220110101202001010         
8116736620110101202001010         
8117334620110101202001010         
8118499620110101202001010         
8119857920110101202001010         
8120789920110101202001010         
8121761920110101202001010         
8122884620110101202001010         
8123500020110101202001010         
0001011920100101205001010         
0001011920100101205001010         
0001011920100101205001010         
0046664520100101205001010         
0046664520100101205001010         
0064712220100101205001010         
0064712220100101205001010         
0103499620100101205001010         
0103499620100101205001010         
9132219720100101205001010         
9133967720100101205001010         
9134594120100101205001010         
9135515920100101205001010         
9136576520100101205001010         
9137022220100101205001010         
9138510020100101205001010         
9139809620100101205001010         
9140480820100101205001010         
9141226820100101205001010         
9142901720100101205001010         
9143210920100101205001010         
9144186120100101205001010         
9145186220100101205001010         
9146210720100101205001010         
9147479720100101205001010         
9148210320100101205001010         
9149233920100101205001010         
9150210620100101205001010         
9151332220100101205001010         
9152844420100101205001010         
9153335520100101205001010         
9154183820100101205001010         
9155153220100101205001010         
9156838520100101205001010         
9157832520100101205001010         
9158051220100101205001010         
9159997020100101205001010         
9160130620100101205001010         
9161443820100101205001010         
9162089120100101205001010         
9163003520100101205001010         
9164060220100101205001010         
9165998220100101205001010         
9166003620100101205001010         
9167045120100101205001010         
9168142320100101205001010         
9169987620100101205001010         
9170986320100101205001010         
9171986120100101205001010         
9172448620100101205001010         
9173700320100101205001010         
9174855620100101205001010         
9175984820100101205001010         
9176983520100101205001010         
9177976220100101205001010         
9601649820100101205001010         
9602660320100101205001010         
9603662120100101205001010         
9604664220100101205001010         
9605664520100101205001010         
9606665020100101205001010         
9607586020100101205001010         
9608586820100101205001010         
9609587020100101205001010         
9609587020100101205001010         
9610587820100101205001010         
9611602020100101205001010         
9612603820100101205001010         
9613530620100101205001010         
9614529220100101205001010         
9615529620100101205001010         
9616105620100101205001010         
9617109520100101205001010         
9618110220100101205001010         
9619110520100101205001010         
9620107920100101205001010         
9621108120100101205001010         
9622108220100101205001010         
9623109920100101205001010         
9624110820100101205001010         
9625745920100101205001010         
9626746920100101205001010         
9627754420100101205001010         
9628762420100101205001010         
9629762620100101205001010         
9630762920100101205001010         
9631763120100101205001010         
9632763220100101205001010         
9633763420100101205001010         
9634608820100101205001010         
9635891020100101205001010         
9636891120100101205001010         
9637891220100101205001010         
9638891320100101205001010         
9639891420100101205001010         
9640891520100101205001010         
9641895720100101205001010         
9642932920100101205001010         
9643933020100101205001010         
9644933120100101205001010         
9645933220100101205001010         
9646529520100101205001010         
9647530020100101205001010         
9648502220100101205001010         
9649508820100101205001010         
9650518520100101205001010         
9651528620100101205001010         
9652095920100101205001010         
9653084020100101205001010         
8009661220100101205001010         
8010711120100101205001010         
8011922520100101205001010         
8012920120100101205001010         
8013651020100101205001010         
8014826620100101205001010         
8015922020100101205001010         
8016708820100101205001010         
8017712620100101205001010         
8018705220100101205001010         
8019813220100101205001010         
8020710120100101205001010         
8021821520100101205001010         
8022920520100101205001010         
8023697920100101205001010         
8024710320100101205001010         
8025684320100101205001010         
8026909320100101205001010         
8027710220100101205001010         
8028707220100101205001010         
8029692620100101205001010         
8030686620100101205001010         
8031700020100101205001010         
8032685120100101205001010         
8033710820100101205001010         
8034651220100101205001010         
8035965320100101205001010         
8036693120100101205001010         
8037692920100101205001010         
8038702920100101205001010         
8039709120100101205001010         
8040706620100101205001010         
8041682020100101205001010         
8042645720100101205001010         
8043660320100101205001010         
8044657720100101205001010         
8045830520100101205001010         
8046664520100101205001010         
8047687220100101205001010         
8048688720100101205001010         
8049801920100101205001010         
8050709220100101205001010         
8051696920100101205001010         
8052688620100101205001010         
8053907020100101205001010         
8054918720100101205001010         
8055702520100101205001010         
8056708720100101205001010         
8057709720100101205001010         
8058659720100101205001010         
8059658020100101205001010         
8060818820100101205001010         
8061828020100101205001010         
8062913320100101205001010         
8063657220100101205001010         
8064712220100101205001010         
8065695320100101205001010         
8066662720100101205001010         
8067656820100101205001010         
9654979220100101205001010         
9655971920100101205001010         
9656980720100101205001010         
9657599520100101205001010         
9658599820100101205001010         
9659600120100101205001010         
9660598520100101205001010         
9661600820100101205001010         
9662421820100101205001010         
9663421920100101205001010         
9664422020100101205001010         
9665761620100101205001010         
9666766820100101205001010         
9667768620100101205001010         
9668769320100101205001010         
9669422120100101205001010         
9670599120100101205001010         
9671656820100101205001010         
9672676120100101205001010         
9673895320100101205001010         
9674895420100101205001010         
9675895520100101205001010         
9676803120100101205001010         
9677803820100101205001010         
9678896020100101205001010         
9679724820100101205001010         
9680732220100101205001010         
9681593520100101205001010         
9682593620100101205001010         
9683594020100101205001010         
9684352620100101205001010         
9685356220100101205001010         
9686373720100101205001010         
9687363520100101205001010         
9688586520100101205001010         
9689836920100101205001010         
9690838520100101205001010         
9691179820100101205001010         
9692180020100101205001010         
9693850720100101205001010         
9694116420100101205001010         
8068820020100101205001010         
8069815020100101205001010         
8070912120100101205001010         
8071921120100101205001010         
8072056920100101205001010         
8073696520100101205001010         
8074710020100101205001010         
8075739920100101205001010         
8076745620100101205001010         
8077750020100101205001010         
8078882120100101205001010         
8079736720100101205001010         
8080056320100101205001010         
8081174720100101205001010         
8082614320100101205001010         
8083270120100101205001010         
8084864120100101205001010         
8085851320100101205001010         
8086863020100101205001010         
8087907920100101205001010         
8088399320100101205001010         
8089499820100101205001010         
8090399420100101205001010         
8091399220100101205001010         
8092885720100101205001010         
8093880520100101205001010         
8094399120100101205001010         
8095745320100101205001010         
8096857820100101205001010         
8097334720100101205001010         
8098884220100101205001010         
8099762020100101205001010         
8100741220100101205001010         
8101736620100101205001010         
8102334620100101205001010         
8103499620100101205001010         
8104857920100101205001010         
8105789920100101205001010         
8106761920100101205001010         
8107884620100101205001010         
8108500020100101205001010         
8109836920100101205001010         
8110861120100101205001010         
8111821020100101205001010         
8112499720100101205001010         
8113820920100101205001010         
8114499320100101205001010         
8115885020100101205001010         
8116885120100101205001010         
8117885220100101205001010         
8118885320100101205001010         
8119885420100101205001010         
8120658520100101205001010         
8121470120100101205001010         
8122089720100101205001010         
8123045120100101205001010         
8124039120100101205001010         
8125077120100101205001010         
8126040620100101205001010         
8127041120100101205001010         
8128086920100101205001010         
8129079720100101205001010         
8130142220100101205001010         
9001146920100101205001010         
9001146920100101205001010         
9002171820100101205001010         
9003222020100101205001010         
9004829620100101205001010         
9005105620100101205001010         
9006538120100101205001010         
9007209220100101205001010         
9008101220100101205001010         
9009697220100101205001010         
9010933720100101205001010         
9011488720100101205001010         
9012674620100101205001010         
9013210020100101205001010         
9014900020100101205001010         
9015894120100101205001010         
9016908820100101205001010         
9017916020100101205001010         
9018771520100101205001010         
9019245520100101205001010         
9020976120100101205001010         
9021955620100101205001010         
9022884820100101205001010         
9023913320100101205001010         
9024974320100101205001010         
9025595820100101205001010         
9026395520100101205001010         
9027452820100101205001010         
9028447320100101205001010         
9029671220100101205001010         
9030700120100101205001010         
9031550020100101205001010         
9032688620100101205001010         
9033962520100101205001010         
9034974020100101205001010         
9035011920100101205001010         
9036301320100101205001010         
9601236220110201202001310         
9602238620110201202001310         
9603238920110201202001310         
9604239220110201202001310         
9605238220110201202001310         
9606238820110201202001310         
9607480620110201202001310         
9608649820110201202001310         
9609660320110201202001310         
9610662120110201202001310         
9611664220110201202001310         
9612664520110201202001310         
9613665020110201202001310         
9614580620110201202001310         
9615586820110201202001310         
9616602020110201202001310         
9617603820110201202001310         
9618105620110201202001310         
9619109520110201202001310         
9620110220110201202001310         
9621110520110201202001310         
9622107920110201202001310         
9623108120110201202001310         
9624108220110201202001310         
9625109920110201202001310         
9626110820110201202001310         
9627762420110201202001310         
9628762620110201202001310         
9629762920110201202001310         
9630763120110201202001310         
9631763220110201202001310         
9632763420110201202001310         
9633608820110201202001310         
9634932920110201202001310         
9635933020110201202001310         
9636293120110201202001310         
9637293220110201202001310         
9638502220110201202001310         
9639508820110201202001310         
9640518520110201202001310         
9641529220110201202001310         
9642530020110201202001310         
9643587020110201202001310         
9644587820110201202001310         
9645530620110201202001310         
9646529620110201202001310         
9647996620110201202001310         
9648611820110201202001310         
9649995120110201202001310         
9650999220110201202001310         
9651249420110201202001310         
9652833220110201202001310         
9653611620110201202001310         
9654178220110201202001310         
9655833520110201202001310         
9656177120110201202001310         
9657600820110201202001310         
9658979220110201202001310         
9659971920110201202001310         
9661118920110201202001310         
9662119620110201202001310         
9037194220100101205001010         
9038195520100101205001010         
9039392520100101205001010         
9040108620100101205001010         
9041784420100101205001010         
9042516120100101205001010         
9043042720100101205001010         
9044637120100101205001010         
9045627020100101205001010         
9046386920100101205001010         
9047025920100101205001010         
9048830120100101205001010         
9049508120100101205001010         
9050046320100101205001010         
9051047520100101205001010         
9052918120100101205001010         
9053719720100101205001010         
9054518820100101205001010         
9055881920100101205001010         
9056418020100101205001010         
9057582920100101205001010         
9058190920100101205001010         
9059198720100101205001010         
9060555120100101205001010         
9061453320100101205001010         
9062066320100101205001010         
9063161920100101205001010         
9064265120100101205001010         
9065145120100101205001010         
9066151920100101205001010         
9067885920100101205001010         
9068180020100101205001010         
9069152920100101205001010         
9070110120100101205001010         
9071755920100101205001010         
9072033020100101205001010         
9073351120100101205001010         
9074120620100101205001010         
9663870820110201202001310         
9664274320110201202001310         
9665750120110201202001310         
9666761620110201202001310         
9667766820110201202001310         
9668768620110201202001310         
9669769320110201202001310         
9670352620110201202001310         
9671356220110201202001310         
9672373720110201202001310         
9673363520110201202001310         
9674594020110201202001310         
9675422020110201202001310         
9676422120110201202001310         
9677895420110201202001310         
9678421920110201202001310         
9679421820110201202001310         
9680895320110201202001310         
9681895520110201202001310         
9682896020110201202001310         
9683724820110201202001310         
9684895920110201202001310         
9685988520110201202001310         
9686041620110201202001310         
9687131920110201202001310         
9688625020110201202001310         
9689626520110201202001310         
9690459320110201202001310         
9691591720110201202001310         
9692593920110201202001310         
9693083520110201202001310         
9694084820110201202001310         
9695669920110201202001310         
9696200320110201202001310         
9697956920110201202001310         
8001661220110101202001010         
8002711120110101202001010         
8003922520110101202001010         
8004920120110101202001010         
8005651020110101202001010         
8006826620110101202001010         
8007922020110101202001010         
8008708820110101202001010         
8009712620110101202001010         
8010705220110101202001010         
8011813220110101202001010         
8012710120110101202001010         
8013821520110101202001010         
8014920520110101202001010         
8015697920110101202001010         
8016710320110101202001010         
8017684320110101202001010         
8018909320110101202001010         
8019710220110101202001010         
8020707220110101202001010         
8021692620110101202001010         
8022686620110101202001010         
8023700020110101202001010         
8024685120110101202001010         
8025710820110101202001010         
8026651220110101202001010         
8027965320110101202001010         
8028693120110101202001010         
8029692920110101202001010         
8030702920110101202001010         
8031709120110101202001010         
8032706620110101202001010         
8033682020110101202001010         
8034645720110101202001010         
8035660320110101202001010         
8036657720110101202001010         
8037830520110101202001010         
8038664520110101202001010         
8039687220110101202001010         
8040688720110101202001010         
8041801920110101202001010         
8042709220110101202001010         
8043696920110101202001010         
8044688620110101202001010         
8045907020110101202001010         
8046918720110101202001010         
8047131120110101202001010         
8048104520110101202001010         
8049045720110101202001010         
8050175920110101202001010         
8051170920110101202001010         
8052181220110101202001010         
8053175620110101202001010         
8054183820110101202001010         
8055182820110101202001010         
8056182720110101202001010         
8057174020110101202001010         
8058595720110101202001010         
8059137520110101202001010         
8060702520110101202001010         
8061708720110101202001010         
8062709720110101202001010         
8063659720110101202001010         
8064658020110101202001010         
8065818820110101202001010         
8066828020110101202001010         
8067913320110101202001010         
8068657220110101202001010         
8069712220110101202001010         
8070695320110101202001010         
8071662720110101202001010         
8072656820110101202001010         
8073820020110101202001010         
8074815020110101202001010         
8075912120110101202001010         
8076921120110101202001010         
8077056920110101202001010         
8078696520110101202001010         
8079710020110101202001010         
8080747820110101202001010         
8081197320110101202001010         
8082194920110101202001010         
8083196020110101202001010         
8084194320110101202001010         
8085739920110101202001010         
8086882120110101202001010         
8087745620110101202001010         
8088750020110101202001010         
8089736720110101202001010         
8090614320110101202001010         
8091270120110101202001010         
1718171820100101205001010         
8001011920100101205001010         
8002100720100101205001010         
8003074920100101205001010         
8004470420100101205001010         
8005470520100101205001010         
8006892120100101205001010         
8007041620100101205001010         
8008529320100101205001010         
